25 25
0 0 0 0
116
1 2
2 2
2 3
3 4
4 5
3 3
4 4
5 5
6 5
6 6
7 6
7 7
8 7
8 8
9 8
9 9
10 10
14 14
14 15
15 15
15 16
16 16
17 17
17 18
18 18
18 19
19 19
20 19
20 20
21 20
21 21
22 21
22 22
23 22
22 1
22 2
21 2
21 3
20 3
20 4
19 4
19 5
18 5
18 6
18 7
17 7
17 8
16 8
16 9
15 9
15 10
14 10
10 14
10 15
9 15
9 16
8 16
7 16
7 17
6 17
6 18
5 18
5 19
4 19
4 20
3 20
3 21
2 21
2 22
1 22
2 23
3 22
5 20
6 19
4 21
7 18
8 17
8 15
9 14
14 9
15 8
16 7
17 6
23 2
22 3
21 4
20 5
19 6
10 9
5 4
4 3
3 2
2 1
5 6
6 7
7 8
8 9
9 10
16 17
19 20
19 18
18 17
17 16
16 15
15 14
20 21
21 22
22 23
10 13
11 14
10 11
11 10
13 10
14 11
14 13
13 14
4
24 12 11 11
12 0 11 13
0 12 13 13
12 24 13 11
12 12
